10001101000000000000000000011100
00000000000010000100000001000010
00100001001111000000000000011100
00000000000010000100000010000000
00000001001010010100000000100000
10001101001000000000000000001001
00100001001010010000000000000001
10001101000000000000000000011100
00000000000010000100000010000000
00100001010111000000000000011100
00000001010010100100000000100000
10101101001000000000000000001010
10001101000000000000000000011100
00100001000010000000000000000001
00000000000010000100000010000000
00100001001111000000000000011100
00000001001010010100000000100000
001000010100000000000000000000b1
10101101010000000000000000001001
